683684.621287 683683.403225 WAKE 00000000 00000000
683694.603559 683693.385150 WAKE 00000001 057447EB
683704.580375 683703.361626 WAKE 00000002 00000002
683714.557231 683713.338147 WAKE 00000003 00000002
683724.534050 683723.314637 WAKE 00000004 00000002
683734.510922 683733.291184 WAKE 00000005 00000003
683744.489106 683743.269048 WAKE 00000006 00000002
683754.467157 683753.246785 WAKE 00000007 00000002
683764.445347 683763.224666 WAKE 00000008 00000003
683774.422161 683773.201176 WAKE 00000009 00000002
683784.398962 683783.177676 WAKE 0000000A 00000003
683794.375758 683793.154176 WAKE 0000000B 00000002
683804.352506 683803.130634 WAKE 0000000C 00000003
683814.330636 683813.108478 WAKE 0000000D 00000003
683824.307494 683823.085054 WAKE 0000000E 00000002
683834.285523 683833.062805 WAKE 0000000F 00000002
683844.263661 683843.040670 WAKE 00000010 00000003
683854.241787 683853.018526 WAKE 00000011 00000002
683864.219870 683862.996346 WAKE 00000012 00000002
683874.199332 683872.975544 WAKE 00000013 00000002
683884.177451 683882.953407 WAKE 00000014 00000003
683894.158354 683892.934056 WAKE 00000015 00000002
683904.140375 683902.915827 WAKE 00000016 00000002
683914.121199 683912.896405 WAKE 00000017 00000003
683924.100624 683922.875587 WAKE 00000018 00000002
683934.081392 683932.856116 WAKE 00000019 00000003
683944.063558 683942.838046 WAKE 0000001A 00000002
683954.042959 683952.817216 WAKE 0000001B 00000002
683964.023761 683962.797789 WAKE 0000001C 00000003
683974.001812 683972.775614 WAKE 0000001D 00000002
683983.982566 683982.756145 WAKE 0000001E 00000003
683993.966035 683992.739395 WAKE 0000001F 00000002
684003.946914 684002.720058 WAKE 00000020 00000002
684013.927531 684012.700460 WAKE 00000021 00000002
684023.901563 684022.674283 WAKE 00000022 00000002
684033.876926 684032.649439 WAKE 00000023 00000002
684043.854960 684042.627268 WAKE 00000024 00000003
684053.835713 684052.607820 WAKE 00000025 00000002
684063.817809 684062.589717 WAKE 00000026 00000003
684073.797337 684072.569048 WAKE 00000027 00000003
684083.777942 684082.549460 WAKE 00000028 00000002
684093.760051 684092.531377 WAKE 00000029 00000002
684103.740927 684102.512065 WAKE 0000002A 00000002
684113.725513 684112.496464 WAKE 0000002B 00000002
684123.707593 684122.478361 WAKE 0000002C 00000002
684133.689709 684132.460295 WAKE 0000002D 00000002
684143.673150 684142.443558 WAKE 0000002E 00000002
684153.655193 684152.425424 WAKE 0000002F 00000002
684163.637251 684162.407308 WAKE 00000030 00000002
684173.618174 684172.388059 WAKE 00000031 00000002
684183.598710 684182.368425 WAKE 00000032 00000002
684193.578048 684192.347595 WAKE 00000033 00000003
684203.557416 684202.326797 WAKE 00000034 00000002
684213.536843 684212.306060 WAKE 00000035 00000002
684223.513448 684222.282504 WAKE 00000036 00000002
684233.488741 684232.257638 WAKE 00000037 00000002
684243.468123 684242.236862 WAKE 00000038 00000002
684253.447463 684252.216045 WAKE 00000039 00000002
684263.422726 684262.191154 WAKE 0000003A 00000002
684273.396782 684272.165058 WAKE 0000003B 00000002
684283.370631 684282.138757 WAKE 0000003C 00000003
