# DormantPico2 (calibrated with clk_ref on the crystal) and DormantCalAsleepPico2 (with clk_ref on
# LPOSC, as asleep), run in turn on 2026-10-06 from 17:12 UTC; each run's lines follow it.
# Columns: the UNO Q's CLOCK_MONOTONIC, CLOCK_MONOTONIC_RAW, the line received.
== DormantPico2
685036.371971 685035.132031 WAKE 00000000 001E1880
685046.358052 685045.118032 WAKE 00000001 31BE52EF
685056.334488 685055.094387 WAKE 00000002 00000002
685066.313756 685065.073576 WAKE 00000003 00000002
685076.293065 685075.052807 WAKE 00000004 00000003
685086.272754 685085.032417 WAKE 00000005 00000002
685096.251587 685095.011171 WAKE 00000006 00000002
685106.230899 685104.990405 WAKE 00000007 00000002
685116.212821 685114.972249 WAKE 00000008 00000003
685126.192111 685124.951461 WAKE 00000009 00000002
685136.172783 685134.932057 WAKE 0000000A 00000003
685146.156111 685144.915308 WAKE 0000000B 00000002
685156.138054 685154.897175 WAKE 0000000C 00000002
685166.121367 685164.880410 WAKE 0000000D 00000003
685176.106066 685174.865034 WAKE 0000000E 00000002
685186.092306 685184.851200 WAKE 0000000F 00000003
685196.073986 685194.832803 WAKE 00000010 00000003
685206.057363 685204.816105 WAKE 00000011 00000003
685216.039384 685214.798052 WAKE 00000012 00000002
685226.023960 685224.782553 WAKE 00000013 00000002
685236.008651 685234.767171 WAKE 00000014 00000003
685245.990606 685244.749051 WAKE 00000015 00000002
685255.971229 685254.729601 WAKE 00000016 00000002
685265.953225 685264.711524 WAKE 00000017 00000002
685275.935194 685274.693420 WAKE 00000018 00000003
685285.918537 685284.676691 WAKE 00000019 00000003
685295.904505 685294.662586 WAKE 0000001A 00000003
685305.892080 685304.650089 WAKE 0000001B 00000002
685315.879248 685314.637185 WAKE 0000001C 00000003
685325.866603 685324.624467 WAKE 0000001D 00000003
685335.849929 685334.607722 WAKE 0000001E 00000002
685345.835955 685344.593677 WAKE 0000001F 00000003
685355.821941 685354.579590 WAKE 00000020 00000002
685365.806608 685364.564187 WAKE 00000021 00000002
685375.791291 685374.548800 WAKE 00000022 00000002
685385.775953 685384.533391 WAKE 00000023 00000002
685395.760681 685394.518049 WAKE 00000024 00000002
685405.742768 685404.500065 WAKE 00000025 00000002
685415.727255 685414.484482 WAKE 00000026 00000002
685425.711937 685424.469095 WAKE 00000027 00000002
685435.697934 685434.455022 WAKE 00000028 00000002
685445.681250 685444.438269 WAKE 00000029 00000002
685455.666099 685454.423048 WAKE 0000002A 00000003
685465.649265 685464.406146 WAKE 0000002B 00000002
685475.633883 685474.390696 WAKE 0000002C 00000002
685485.619918 685484.376661 WAKE 0000002D 00000002
685495.605916 685494.362591 WAKE 0000002E 00000003
685505.591940 685504.348547 WAKE 0000002F 00000002
685515.577992 685514.334531 WAKE 00000030 00000002
685525.563972 685524.320443 WAKE 00000031 00000003
685535.551315 685534.307717 WAKE 00000032 00000002
685545.533287 685544.289621 WAKE 00000033 00000002
685555.515269 685554.271536 WAKE 00000034 00000002
685565.499905 685564.256105 WAKE 00000035 00000002
685575.484585 685574.240718 WAKE 00000036 00000003
685585.466537 685584.222603 WAKE 00000037 00000003
685595.450066 685594.206065 WAKE 00000038 00000002
685605.434507 685604.190438 WAKE 00000039 00000003
685615.419177 685614.175042 WAKE 0000003A 00000002
685625.403825 685624.159623 WAKE 0000003B 00000002
685635.389845 685634.145577 WAKE 0000003C 00000002
== DormantCalAsleepPico2
685936.949810 685935.713857 WAKE 00000000 001E1FB2
685946.950301 685945.714656 WAKE 00000001 3F8EB5A1
685956.942654 685955.707312 WAKE 00000002 00000002
685966.932363 685965.697320 WAKE 00000003 00000003
685976.920797 685975.686045 WAKE 00000004 00000002
685986.911781 685985.677318 WAKE 00000005 00000002
685996.904232 685995.670051 WAKE 00000006 00000002
686006.899319 686005.665416 WAKE 00000007 00000002
686016.890388 686015.656758 WAKE 00000008 00000003
686026.884155 686025.650793 WAKE 00000009 00000002
686036.878135 686035.645036 WAKE 0000000A 00000002
686046.871863 686045.639022 WAKE 0000000B 00000002
686056.868261 686055.635675 WAKE 0000000C 00000002
686066.863401 686065.631064 WAKE 0000000D 00000002
686076.855816 686075.623724 WAKE 0000000E 00000002
686086.848272 686085.616421 WAKE 0000000F 00000002
686096.839389 686095.607774 WAKE 00000010 00000002
686106.827816 686105.596434 WAKE 00000011 00000002
686116.821609 686115.590455 WAKE 00000012 00000003
686126.814105 686125.583176 WAKE 00000013 00000003
686136.805254 686135.574545 WAKE 00000014 00000002
686146.794994 686145.564503 WAKE 00000015 00000002
686156.786123 686155.555844 WAKE 00000016 00000002
686166.780154 686165.550085 WAKE 00000017 00000002
686176.772460 686175.542597 WAKE 00000018 00000002
686186.766314 686185.536654 WAKE 00000019 00000003
686196.760145 686195.530683 WAKE 0000001A 00000002
686206.755336 686205.526069 WAKE 0000001B 00000002
686216.751884 686215.522810 WAKE 0000001C 00000002
686226.748468 686225.519583 WAKE 0000001D 00000003
686236.745003 686235.516304 WAKE 0000001E 00000002
686246.740225 686245.511709 WAKE 0000001F 00000002
686256.734120 686255.505783 WAKE 00000020 00000002
686266.730650 686265.502489 WAKE 00000021 00000002
686276.726030 686275.498043 WAKE 00000022 00000002
686286.721106 686285.493291 WAKE 00000023 00000002
686296.716340 686295.488692 WAKE 00000024 00000002
686306.711565 686305.484083 WAKE 00000025 00000002
686316.709512 686315.482193 WAKE 00000026 00000002
686326.706210 686325.479050 WAKE 00000027 00000002
686336.704083 686335.477079 WAKE 00000028 00000002
686346.700657 686345.473808 WAKE 00000029 00000002
686356.699901 686355.473204 WAKE 0000002A 00000002
686366.699199 686365.472652 WAKE 0000002B 00000003
686376.697188 686375.470787 WAKE 0000002C 00000003
686386.693763 686385.467508 WAKE 0000002D 00000003
686396.693286 686395.467174 WAKE 0000002E 00000002
686406.689652 686405.463678 WAKE 0000002F 00000002
686416.686275 686415.460441 WAKE 00000030 00000002
686426.680169 686425.454470 WAKE 00000031 00000002
686436.675616 686435.450050 WAKE 00000032 00000002
686446.676117 686445.450683 WAKE 00000033 00000002
686456.675416 686455.450110 WAKE 00000034 00000002
686466.672246 686465.447069 WAKE 00000035 00000002
686476.670085 686475.445033 WAKE 00000036 00000002
686486.666639 686485.441711 WAKE 00000037 00000003
686496.661899 686495.437090 WAKE 00000038 00000002
686506.657175 686505.432487 WAKE 00000039 00000003
686516.653800 686515.429229 WAKE 0000003A 00000002
686526.650518 686525.426064 WAKE 0000003B 00000002
686536.648438 686535.424098 WAKE 0000003C 00000003
== DormantCalAsleepPico2
686980.529925 686979.309299 WAKE 00000000 001E20D1
686990.533351 686989.312785 WAKE 00000001 55DA8765
687000.524669 686999.304164 WAKE 00000002 00000003
687010.515921 687009.295475 WAKE 00000003 00000003
687020.508566 687019.288179 WAKE 00000004 00000002
687030.501376 687029.281048 WAKE 00000005 00000003
687040.496543 687039.276273 WAKE 00000006 00000002
687050.487806 687049.267591 WAKE 00000007 00000002
687060.479326 687059.259169 WAKE 00000008 00000002
687070.471771 687069.251669 WAKE 00000009 00000003
687080.467063 687079.247015 WAKE 0000000A 00000002
687090.458410 687089.238418 WAKE 0000000B 00000002
687100.451022 687099.231084 WAKE 0000000C 00000002
687110.443673 687109.223788 WAKE 0000000D 00000002
687120.436312 687119.216479 WAKE 0000000E 00000002
687130.427596 687129.207816 WAKE 0000000F 00000002
687140.420281 687139.200553 WAKE 00000010 00000002
687150.412895 687149.193218 WAKE 00000011 00000002
687160.405650 687159.186023 WAKE 00000012 00000002
687170.398183 687169.178606 WAKE 00000013 00000002
687180.393554 687179.174027 WAKE 00000014 00000002
687190.384822 687189.165343 WAKE 00000015 00000003
687200.378855 687199.159425 WAKE 00000016 00000003
687210.372824 687209.153442 WAKE 00000017 00000002
687220.362752 687219.143418 WAKE 00000018 00000002
687230.351351 687229.132064 WAKE 00000019 00000002
687240.341316 687239.122076 WAKE 0000001A 00000003
687250.333976 687249.114782 WAKE 0000001B 00000003
687260.326603 687259.107455 WAKE 0000001C 00000002
687270.319253 687269.100150 WAKE 0000001D 00000003
687280.313245 687279.094188 WAKE 0000001E 00000003
687290.307287 687289.088274 WAKE 0000001F 00000002
687300.302630 687299.083662 WAKE 00000020 00000002
687310.296623 687309.077699 WAKE 00000021 00000003
687320.291961 687319.073079 WAKE 00000022 00000002
687330.283265 687329.064427 WAKE 00000023 00000002
687340.275920 687339.057125 WAKE 00000024 00000002
687350.269918 687349.051165 WAKE 00000025 00000002
687360.263937 687359.045226 WAKE 00000026 00000002
687370.256725 687369.038056 WAKE 00000027 00000002
687380.250688 687379.032060 WAKE 00000028 00000002
687390.243240 687389.024653 WAKE 00000029 00000002
687400.233202 687399.014655 WAKE 0000002A 00000002
687410.224552 687409.006047 WAKE 0000002B 00000002
687420.218551 687419.000085 WAKE 0000002C 00000003
687430.213854 687428.995428 WAKE 0000002D 00000003
687440.207895 687438.989508 WAKE 0000002E 00000003
687450.200524 687448.982176 WAKE 0000002F 00000003
687460.193372 687458.975064 WAKE 00000030 00000002
687470.184491 687468.966220 WAKE 00000031 00000002
687480.174477 687478.956245 WAKE 00000032 00000003
687490.167245 687488.949052 WAKE 00000033 00000002
687500.159801 687498.941645 WAKE 00000034 00000003
687510.152431 687508.934312 WAKE 00000035 00000003
687520.147759 687518.929677 WAKE 00000036 00000002
687530.140529 687528.922484 WAKE 00000037 00000002
687540.137164 687538.919155 WAKE 00000038 00000002
687550.132526 687548.914555 WAKE 00000039 00000003
687560.125270 687558.907335 WAKE 0000003A 00000002
687570.119196 687568.901296 WAKE 0000003B 00000003
687580.114530 687578.896666 WAKE 0000003C 00000003
== DormantPico2
688482.129850 688480.905639 WAKE 00000000 001E15D1
688492.111804 688490.887550 WAKE 00000001 0545D10E
688502.086951 688500.862656 WAKE 00000002 00000003
688512.062173 688510.837838 WAKE 00000003 00000002
688522.036062 688520.811687 WAKE 00000004 00000002
688532.011209 688530.786795 WAKE 00000005 00000002
688541.986487 688540.762035 WAKE 00000006 00000002
688551.964282 688550.739793 WAKE 00000007 00000002
688561.942118 688560.717592 WAKE 00000008 00000002
688571.919999 688570.695437 WAKE 00000009 00000003
688581.900637 688580.676039 WAKE 0000000A 00000003
688591.877166 688590.652534 WAKE 0000000B 00000002
688601.853701 688600.629035 WAKE 0000000C 00000003
688611.830171 688610.605472 WAKE 0000000D 00000002
688621.804049 688620.579318 WAKE 0000000E 00000002
688631.781919 688630.557156 WAKE 0000000F 00000002
688641.758446 688640.533652 WAKE 00000010 00000003
688651.737649 688650.512824 WAKE 00000011 00000002
688661.715508 688660.490653 WAKE 00000012 00000002
688671.694954 688670.470071 WAKE 00000013 00000002
688681.672631 688680.447718 WAKE 00000014 00000003
688691.650487 688690.425546 WAKE 00000015 00000003
688701.628398 688700.403430 WAKE 00000016 00000002
688711.610276 688710.385280 WAKE 00000017 00000003
688721.589519 688720.364497 WAKE 00000018 00000002
688731.571439 688730.346391 WAKE 00000019 00000003
688741.553390 688740.328317 WAKE 0000001A 00000003
688751.535276 688750.310178 WAKE 0000001B 00000003
688761.514513 688760.289390 WAKE 0000001C 00000003
688771.493715 688770.268569 WAKE 0000001D 00000002
688781.475644 688780.250475 WAKE 0000001E 00000002
688791.454859 688790.229666 WAKE 0000001F 00000002
688801.435408 688800.210192 WAKE 00000020 00000002
688811.409296 688810.184059 WAKE 00000021 00000002
688821.387094 688820.161834 WAKE 00000022 00000002
688831.367690 688830.142409 WAKE 00000023 00000002
688841.349594 688840.124293 WAKE 00000024 00000002
688851.334365 688850.109044 WAKE 00000025 00000003
688861.314744 688860.089403 WAKE 00000026 00000003
688871.295412 688870.070052 WAKE 00000027 00000003
688881.279937 688880.054557 WAKE 00000028 00000002
688891.260561 688890.035164 WAKE 00000029 00000002
688901.241082 688900.015665 WAKE 0000002A 00000003
688911.225678 688910.000244 WAKE 0000002B 00000002
688921.208965 688919.983513 WAKE 0000002C 00000002
688931.192255 688929.966787 WAKE 0000002D 00000003
688941.176826 688939.951341 WAKE 0000002E 00000002
688951.160131 688949.934629 WAKE 0000002F 00000002
688961.146062 688959.920545 WAKE 00000030 00000002
688971.130670 688969.905137 WAKE 00000031 00000002
688981.113933 688979.888383 WAKE 00000032 00000002
688991.098599 688989.873034 WAKE 00000033 00000002
689001.081782 688999.856202 WAKE 00000034 00000002
689011.063743 689009.838149 WAKE 00000035 00000002
689021.045663 689019.820055 WAKE 00000036 00000002
689031.028912 689029.803291 WAKE 00000037 00000002
689041.013729 689039.788094 WAKE 00000038 00000002
689050.994077 689049.768428 WAKE 00000039 00000002
689060.977346 689059.751685 WAKE 0000003A 00000002
689070.959201 689069.733527 WAKE 0000003B 00000002
689080.941142 689079.715456 WAKE 0000003C 00000002
== DormantCalAsleepPico2b
689382.508308 689381.282350 WAKE 00000000 001E1E17
689392.510479 689391.284515 WAKE 00000001 1316383B
689402.501995 689401.276025 WAKE 00000002 00000002
689412.494514 689411.268538 WAKE 00000003 00000002
689422.487271 689421.261290 WAKE 00000004 00000003
689432.481268 689431.255280 WAKE 00000005 00000002
689442.474017 689441.248024 WAKE 00000006 00000002
689452.466688 689451.240690 WAKE 00000007 00000002
689462.463435 689461.237431 WAKE 00000008 00000002
689472.458849 689471.232840 WAKE 00000009 00000002
689482.454253 689481.228240 WAKE 0000000A 00000002
689492.449670 689491.223652 WAKE 0000000B 00000002
689502.446381 689501.220359 WAKE 0000000C 00000002
689512.443119 689511.217091 WAKE 0000000D 00000002
689522.435834 689521.209801 WAKE 0000000E 00000002
689532.430113 689531.204077 WAKE 0000000F 00000002
689542.422593 689541.196553 WAKE 00000010 00000002
689552.416654 689551.190609 WAKE 00000011 00000002
689562.412116 689561.186067 WAKE 00000012 00000003
689572.404743 689571.178691 WAKE 00000013 00000002
689582.398778 689581.172721 WAKE 00000014 00000002
689592.390142 689591.164081 WAKE 00000015 00000002
689602.388228 689601.162164 WAKE 00000016 00000002
689612.382293 689611.156225 WAKE 00000017 00000002
689622.376341 689621.150270 WAKE 00000018 00000003
689632.369128 689631.143053 WAKE 00000019 00000003
689642.361742 689641.135664 WAKE 0000001A 00000003
689652.355789 689651.129709 WAKE 0000001B 00000002
689662.351167 689661.125083 WAKE 0000001C 00000002
689672.343883 689671.117796 WAKE 0000001D 00000002
689682.339268 689681.113178 WAKE 0000001E 00000002
689692.334654 689691.108561 WAKE 0000001F 00000003
689702.330130 689701.104034 WAKE 00000020 00000002
689712.325517 689711.099419 WAKE 00000021 00000002
689722.319517 689721.093416 WAKE 00000022 00000003
689732.314922 689731.088819 WAKE 00000023 00000002
689742.309280 689741.083174 WAKE 00000024 00000003
689752.305706 689751.079597 WAKE 00000025 00000002
689762.302468 689761.076358 WAKE 00000026 00000002
689772.300589 689771.074476 WAKE 00000027 00000002
689782.298662 689781.072546 WAKE 00000028 00000002
689792.294148 689791.068030 WAKE 00000029 00000002
689802.288156 689801.062037 WAKE 0000002A 00000002
689812.280284 689811.053344 WAKE 0000002B 00000003
689822.276872 689821.048741 WAKE 0000002C 00000002
689832.272104 689831.042802 WAKE 0000002D 00000002
689842.268634 689841.038181 WAKE 0000002E 00000002
689852.266751 689851.035168 WAKE 0000002F 00000002
689862.261727 689861.029031 WAKE 00000030 00000002
689872.258146 689871.024359 WAKE 00000031 00000002
689882.253273 689881.018411 WAKE 00000032 00000002
689892.242973 689891.007057 WAKE 00000033 00000003
689902.235372 689900.998418 WAKE 00000034 00000003
689912.226378 689910.988404 WAKE 00000035 00000002
689922.218701 689920.979723 WAKE 00000036 00000002
689932.207026 689930.967063 WAKE 00000037 00000002
689942.197964 689940.957030 WAKE 00000038 00000002
689952.190314 689950.948428 WAKE 00000039 00000002
689962.179872 689960.937049 WAKE 0000003A 00000002
689972.173459 689970.929713 WAKE 0000003B 00000002
689982.164366 689980.919713 WAKE 0000003C 00000002
== DormantPico2b
690282.740271 690281.474181 WAKE 00000000 001E15C2
690292.722683 690291.456037 WAKE 00000001 24685CDF
690302.697025 690301.429834 WAKE 00000002 00000002
690312.671391 690311.403662 WAKE 00000003 00000002
690322.651082 690321.382822 WAKE 00000004 00000003
690332.629450 690331.360667 WAKE 00000005 00000003
690342.607838 690341.338540 WAKE 00000006 00000003
690352.588893 690351.319088 WAKE 00000007 00000002
690362.571346 690361.301039 WAKE 00000008 00000003
690372.550960 690371.280160 WAKE 00000009 00000002
690382.529337 690381.258050 WAKE 0000000A 00000003
690392.510303 690391.238536 WAKE 0000000B 00000002
690402.492688 690401.220448 WAKE 0000000C 00000002
690412.476408 690411.203702 WAKE 0000000D 00000002
690422.457420 690421.184254 WAKE 0000000E 00000002
690432.438420 690431.164800 WAKE 0000000F 00000002
690442.419381 690441.145313 WAKE 00000010 00000002
690452.399030 690451.124520 WAKE 00000011 00000002
690462.377311 690461.102366 WAKE 00000012 00000002
690472.356946 690471.081572 WAKE 00000013 00000003
690482.335193 690481.059395 WAKE 00000014 00000002
690492.314817 690491.038600 WAKE 00000015 00000002
690502.297182 690501.020553 WAKE 00000016 00000002
690512.278105 690511.001068 WAKE 00000017 00000002
690522.260494 690520.983055 WAKE 00000018 00000002
690532.240054 690530.962218 WAKE 00000019 00000003
690542.220919 690540.942690 WAKE 0000001A 00000002
690552.201894 690550.923279 WAKE 0000001B 00000002
690562.181428 690560.902430 WAKE 0000001C 00000002
690572.163709 690570.884335 WAKE 0000001D 00000003
690582.147300 690580.867552 WAKE 0000001E 00000002
690592.132303 690590.852188 WAKE 0000001F 00000002
690602.118599 690600.838120 WAKE 00000020 00000002
690612.103551 690610.822713 WAKE 00000021 00000002
690622.091235 690620.810041 WAKE 00000022 00000002
690632.076149 690630.794605 WAKE 00000023 00000002
690642.058396 690640.776507 WAKE 00000024 00000003
690652.041981 690650.759749 WAKE 00000025 00000003
690662.025615 690660.743045 WAKE 00000026 00000002
690672.006436 690670.723532 WAKE 00000027 00000002
690681.987343 690680.704109 WAKE 00000028 00000002
690691.969620 690690.686060 WAKE 00000029 00000002
690701.953105 690700.669222 WAKE 0000002A 00000002
690711.935383 690710.651181 WAKE 0000002B 00000003
690721.918892 690720.634374 WAKE 0000002C 00000002
690731.903987 690730.619157 WAKE 0000002D 00000003
690741.886186 690740.601047 WAKE 0000002E 00000002
690751.869541 690750.584097 WAKE 0000002F 00000002
690761.851777 690760.566032 WAKE 00000030 00000002
690771.834137 690770.548094 WAKE 00000031 00000002
690781.814772 690780.528432 WAKE 00000032 00000003
690791.796995 690790.510364 WAKE 00000033 00000002
690801.778096 690800.491176 WAKE 00000034 00000003
690811.758652 690810.471446 WAKE 00000035 00000002
690821.742181 690820.454692 WAKE 00000036 00000002
690831.725807 690830.438037 WAKE 00000037 00000003
690841.712158 690840.424111 WAKE 00000038 00000002
690851.698120 690850.409796 WAKE 00000039 00000002
690861.680308 690860.391713 WAKE 0000003A 00000003
690871.661152 690870.372288 WAKE 0000003B 00000002
690881.637909 690880.348779 WAKE 0000003C 00000002
