DVFS3 00000001 00000000 00021D1B 00000000 00000120 00000023 00000008 000000B2 00000000
DVFS3 00000001 00000001 00010E8E 00000000 00000000 00000000 00000008 00000000 00000000
DVFS3 00000001 00000002 00010E8E 00000000 00000056 00000000 00000000 00000000 00000000
DVFS3 00000001 00000003 00008747 00000000 0000044B 00000000 00000008 00000000 00000000
DVFS3 00000001 00000004 00008747 00000000 00000031 00000000 00000000 00000000 00000000
DVFS3 00000001 00000005 00008747 00000000 00000000 00000030 00000000 00000000 00000000
DVFS3 00000001 00000006 000043A4 00000000 00000230 00000000 00000008 00000000 00000000
DVFS3 00000001 00000007 000043A4 00000000 0000002A 00000000 00000000 00000000 00000000
DVFS3 00000000 00000000 00021D1B 00000000 000000D9 00000022 00000008 000000CE 00000000
DVFS3 00000000 00000001 00010E8E 00000000 00000000 00000000 00000008 00000000 00000000
DVFS3 00000000 00000002 00010E8E 00000000 00000085 00000000 00000000 00000000 00000000
DVFS3 00000000 00000003 00008747 00000000 0000032C 00000000 00000008 00000000 00000000
DVFS3 00000000 00000004 00008747 00000000 0000004D 00000000 00000000 00000000 00000000
DVFS3 00000000 00000005 00008747 00000000 00000000 00000030 00000000 00000000 00000000
DVFS3 00000000 00000006 000043A4 00000000 0000019D 00000000 00000008 00000000 00000000
DVFS3 00000000 00000007 000043A4 00000000 00000031 00000000 00000000 00000000 00000000
DVFS3 00000001 00000000 00021D1B 00000000 0000011F 00000022 00000008 000000AB 00000000
DVFS3 00000001 00000001 00010E8E 00000000 00000000 00000000 00000008 00000000 00000000
DVFS3 00000001 00000002 00010E8E 00000000 00000054 00000000 00000000 00000000 00000000
DVFS3 00000001 00000003 00008747 00000000 00000452 00000000 00000008 00000000 00000000
DVFS3 00000001 00000004 00008747 00000000 00000031 00000000 00000000 00000000 00000000
DVFS3 00000001 00000005 00008747 00000000 00000000 00000030 00000000 00000000 00000000
DVFS3 00000001 00000006 000043A4 00000000 00000230 00000000 00000008 00000000 00000000
DVFS3 00000001 00000007 000043A4 00000000 00000023 00000000 00000000 00000000 00000000
DVFS3 00000000 00000000 00021D1B 00000000 000000D9 00000022 00000008 000000CE 00000000
DVFS3 00000000 00000001 00010E8E 00000000 00000000 00000000 00000008 00000000 00000000
DVFS3 00000000 00000002 00010E8E 00000000 00000085 00000000 00000000 00000000 00000000
DVFS3 00000000 00000003 00008747 00000000 0000032C 00000000 00000008 00000000 00000000
DVFS3 00000000 00000004 00008747 00000000 0000004D 00000000 00000000 00000000 00000000
DVFS3 00000000 00000005 00008747 00000000 00000000 00000030 00000000 00000000 00000000
DVFS3 00000000 00000006 000043A4 00000000 0000019D 00000000 00000008 00000000 00000000
DVFS3 00000000 00000007 000043A4 00000000 00000031 00000000 00000000 00000000 00000000
DVFS3 00000001 00000000 00021D1B 00000000 0000011F 00000022 00000008 000000AB 00000000
DVFS3 00000001 00000001 00010E8E 00000000 00000000 00000000 00000008 00000000 00000000
DVFS3 00000001 00000002 00010E8E 00000000 00000054 00000000 00000000 00000000 00000000
